-0.015477 
-0.018208 
-0.021013 
-0.018350 
-0.020580 
-0.011540 
-0.010479 
-0.010017 
-0.013535 
-0.015132 
-0.008904 
-0.013596 
-0.017566 
-0.020163 
-0.015579 
-0.013809 
-0.011774 
-0.014090 
-0.020930 
-0.008852 
0.001704 
-0.018472 
-0.019268 
-0.013408 
-0.013019 
-0.011398 
-0.013923 
0.024978 
0.049096 
0.040609 
-0.008599 
-0.018995 
-0.015552 
-0.014457 
-0.012373 
0.000264 
-0.010629 
-0.006359 
-0.011382 
-0.016102 
-0.020825 
-0.014985 
-0.014283 
-0.012702 
-0.014192 
0.004167 
0.005872 
0.001554 
-0.012395 
-0.020222 
-0.011988 
-0.012868 
-0.011887 
-0.008254 
0.002700 
0.020513 
0.020023 
-0.014544 
-0.019332 
-0.015745 
-0.013464 
-0.012035 
-0.010649 
0.030936 
0.032203 
0.033014 
-0.002841 
-0.017696 
-0.013124 
-0.010858 
-0.008682 
0.003398 
0.004056 
0.010559 
0.003873 
-0.012055 
-0.017795 
-0.010772 
-0.010912 
-0.009707 
-0.005029 
0.012774 
0.017365 
0.009366 
-0.013507 
-0.016798 
-0.012367 
-0.011506 
-0.009989 
-0.000811 
0.018900 
0.023268 
0.017850 
-0.008086 
-0.016983 
-0.011871 
-0.008844 
-0.008500 
-0.004232 
0.018485 
0.018245 
0.012892 
-0.011112 
-0.017409 
-0.016310 
-0.012660 
-0.009668 
-0.004404 
0.017823 
0.022263 
0.009096 
-0.009341 
-0.014607 
-0.010928 
-0.007714 
-0.007177 
0.004021 
0.018400 
0.019797 
0.007910 
-0.011839 
-0.020042 
-0.014274 
-0.008937 
-0.007814 
0.008160 
0.015169 
0.019502 
0.010458 
-0.009595 
-0.016738 
-0.013767 
-0.011086 
-0.009027 
-0.004176 
0.010216 
0.013728 
0.008137 
-0.009214 
-0.018230 
-0.015536 
-0.013638 
-0.012038 
-0.006476 
0.022519 
0.020714 
0.004819 
-0.012574 
-0.020745 
-0.011653 
-0.006937 
-0.005595 
0.016761 
0.021195 
0.019953 
0.004724 
-0.010972 
-0.018507 
-0.008549 
-0.005422 
-0.004169 
0.018301 
0.009592 
0.013173 
0.008985 
-0.009741 
-0.016804 
-0.013917 
-0.010402 
-0.010243 
-0.004985 
0.001431 
0.005215 
0.004502 
-0.005016 
-0.010367 
-0.008502 
-0.005757 
-0.004318 
-0.005779 
0.022305 
0.016515 
0.004139 
-0.004546 
-0.011918 
-0.006906 
-0.008203 
-0.004296 
0.019594 
0.019721 
0.014694 
0.001080 
-0.004917 
-0.012738 
-0.008292 
-0.010980 
-0.005714 
0.017408 
-0.002385 
-0.000095 
0.003448 
-0.000109 
-0.004346 
-0.004680 
-0.003923 
-0.004152 
-0.006657 
-0.000731 
-0.001071 
0.001326 
0.001571 
-0.004717 
-0.003630 
-0.008140 
-0.007534 
-0.003960 
0.018250 
0.011117 
0.001312 
-0.002962 
-0.011913 
-0.008269 
-0.006670 
-0.003867 
0.015246 
0.018847 
0.011830 
0.003029 
-0.002052 
-0.012555 
-0.010263 
-0.006488 
-0.003425 
0.018825 
-0.000950 
-0.000212 
0.002526 
0.002282 
-0.005118 
-0.003589 
-0.006681 
-0.006851 
-0.005542 
0.000792 
0.001491 
0.007331 
0.005260 
0.000759 
-0.001903 
-0.002300 
-0.003817 
-0.002774 
0.018520 
0.012838 
0.005694 
-0.005485 
-0.014344 
-0.009310 
-0.007562 
-0.002509 
0.017039 
0.018052 
0.015557 
0.007623 
-0.010572 
-0.015850 
-0.013504 
-0.008844 
-0.004260 
0.015655 
0.004712 
0.007041 
0.009677 
0.005360 
-0.001861 
-0.003286 
-0.002113 
-0.001478 
-0.000856 
0.006036 
0.007213 
0.006058 
0.000445 
-0.003730 
-0.007102 
-0.001064 
-0.003966 
-0.001518 
0.017716 
0.014840 
0.004719 
-0.008745 
-0.014504 
-0.011578 
-0.005144 
-0.004626 
0.015452 
0.015779 
0.011707 
0.004493 
-0.005712 
-0.012608 
-0.009389 
-0.004527 
-0.000967 
0.013026 
0.004585 
0.009008 
0.006913 
0.002078 
-0.001176 
-0.005235 
-0.001273 
-0.000746 
-0.001022 
0.008603 
0.010536 
0.007386 
0.004053 
-0.001303 
-0.006564 
-0.004426 
-0.000912 
-0.001731 
0.019714 
0.008879 
0.001722 
-0.005066 
-0.009873 
-0.009140 
-0.002493 
-0.003222 
0.012679 
0.019600 
0.005926 
-0.002031 
-0.008528 
-0.010636 
-0.007726 
-0.003413 
-0.006439 
0.011322 
0.010020 
0.007805 
0.004574 
0.000740 
-0.003675 
-0.005217 
-0.001725 
-0.001595 
-0.001298 
0.006420 
0.004668 
-0.000213 
-0.000705 
-0.005702 
-0.005367 
-0.003266 
-0.004759 
-0.001130 
0.020125 
0.011227 
0.003435 
-0.006686 
-0.006319 
-0.004849 
-0.002519 
-0.004491 
0.014282 
0.020530 
0.009947 
0.003416 
-0.011883 
-0.012108 
-0.010144 
-0.005615 
-0.004289 
0.015314 
0.003175 
0.008279 
0.006094 
-0.000263 
-0.003254 
-0.004567 
-0.000134 
-0.003302 
0.000084 
0.004228 
0.006489 
0.000672 
-0.009078 
-0.008089 
-0.004486 
-0.000296 
-0.002029 
0.001346 
0.018416 
0.005667 
0.000964 
-0.007453 
-0.008173 
-0.007339 
-0.002702 
0.000140 
0.019916 
0.014877 
0.004070 
-0.003296 
-0.005378 
-0.006356 
-0.010063 
-0.004576 
-0.000646 
0.015648 
0.006540 
0.000993 
-0.003117 
-0.006190 
-0.003870 
-0.000438 
0.003145 
0.003077 
0.004365 
0.006396 
0.004203 
-0.003857 
-0.003215 
-0.001936 
-0.002298 
0.002763 
0.001149 
0.002569 
0.010819 
0.003255 
-0.002201 
-0.002230 
-0.005247 
-0.008857 
-0.004119 
-0.003228 
0.007930 
0.013748 
0.007478 
0.006539 
0.004188 
-0.001706 
-0.008433 
-0.006880 
-0.002667 
0.008154 
0.003164 
-0.000576 
-0.005690 
-0.003463 
-0.001170 
-0.005533 
0.000475 
-0.001200 
0.001205 
0.000232 
0.001737 
0.001207 
0.000946 
-0.000411 
-0.006800 
-0.000172 
-0.003161 
-0.000114 
0.010607 
0.009709 
0.005303 
0.005080 
-0.000316 
-0.011521 
-0.010508 
-0.002813 
0.003725 
0.006994 
0.009332 
0.006440 
0.000512 
0.001779 
-0.006468 
-0.007363 
-0.004471 
0.000107 
0.000325 
0.005658 
0.004169 
0.004020 
0.001303 
-0.008951 
-0.006767 
-0.008513 
-0.005274 
-0.001441 
0.003316 
0.000415 
0.001807 
0.004555 
-0.007343 
-0.009879 
-0.009466 
-0.009180 
0.004863 
0.005185 
0.003456 
0.002206 
0.003884 
-0.008084 
-0.006543 
-0.005534 
0.000398 
0.002894 
0.002901 
-0.000269 
-0.003885 
0.004563 
-0.009579 
-0.009509 
-0.006269 
0.004859 
-0.002285 
-0.002456 
-0.005134 
0.002440 
0.005986 
-0.011275 
-0.008424 
-0.007078 
-0.005197 
-0.004656 
-0.004718 
-0.009287 
-0.000244 
0.004545 
-0.012811 
-0.011786 
-0.009867 
-0.004509 
-0.019327 
-0.008896 
0.002225 
-0.011963 
-0.015744 
-0.011371 
-0.010214 
-0.010464 
-0.014614 
-0.014036 
0.020002 
0.027044 
-0.008576 
-0.016679 
-0.013710 
-0.012951 
-0.012293 
-0.015071 
-0.017742 
0.003307 
0.030980 
0.008772 
-0.006108 
-0.014322 
-0.015210 
-0.013934 
-0.016013 
-0.011998 
0.030409 
0.035184 
0.008770 
-0.013017 
-0.017617 
-0.015381 
-0.014723 
-0.014617 
-0.001241 
0.024573 
0.025110 
-0.008290 
-0.015937 
-0.013909 
-0.010757 
-0.010648 
-0.009634 
0.006949 
0.027396 
0.023280 
-0.008054 
-0.017125 
-0.014564 
-0.009127 
-0.009164 
-0.006857 
-0.009186 
0.019665 
0.021840 
-0.004525 
-0.013672 
-0.015638 
-0.011937 
-0.011348 
-0.011298 
-0.005573 
0.014753 
0.014426 
-0.003977 
-0.016440 
-0.016228 
-0.011316 
-0.009092 
-0.009571 
0.017404 
0.025666 
0.019041 
-0.002058 
-0.012140 
-0.008616 
-0.004663 
-0.002350 
0.001050 
0.017091 
0.019777 
0.012226 
-0.007877 
-0.014353 
-0.011392 
-0.008947 
-0.003028 
0.002103 
0.004192 
0.016559 
0.008011 
-0.003099 
-0.014270 
-0.011250 
-0.007615 
-0.004715 
-0.004093 
0.002508 
0.007939 
0.002118 
-0.008805 
-0.012176 
-0.011925 
-0.010752 
-0.007336 
-0.004693 
0.014816 
0.017657 
0.013658 
-0.002216 
-0.010219 
-0.008188 
-0.007436 
-0.001584 
0.005919 
0.011672 
0.015453 
0.013176 
-0.000360 
-0.006392 
-0.005907 
-0.007685 
-0.003271 
0.000629 
0.003581 
0.009341 
0.008265 
-0.003751 
-0.007072 
-0.005931 
-0.006013 
-0.003674 
-0.000326 
0.001820 
0.002037 
-0.000279 
0.000602 
-0.000290 
0.000090 
-0.004767 
-0.001724 
-0.000433 
0.004959 
0.011512 
0.012956 
0.004698 
0.000767 
-0.004631 
-0.003944 
-0.005712 
-0.003553 
-0.001070 
0.006018 
0.009626 
0.008041 
0.002411 
0.002659 
0.002313 
0.000384 
-0.004464 
0.000809 
-0.000549 
-0.000902 
0.006577 
0.010311 
0.001341 
-0.001889 
-0.002655 
-0.002975 
0.002569 
0.001294 
0.000716 
0.010082 
0.007644 
0.006304 
0.003577 
0.001358 
-0.003371 
-0.002733 
0.001278 
0.004740 
0.006866 
0.006088 
0.000775 
0.003405 
0.001601 
-0.004112 
-0.002298 
0.002322 
0.007244 
0.009786 
0.006030 
0.001618 
-0.000275 
-0.001214 
-0.001568 
-0.000601 
-0.000794 
0.000531 
0.006701 
0.008156 
0.004573 
0.001250 
0.000040 
-0.002750 
-0.003061 
0.000599 
0.003081 
0.007673 
0.010652 
0.004771 
-0.000216 
-0.001368 
-0.004598 
-0.004091 
0.003108 
0.006510 
0.008215 
0.001668 
-0.003720 
-0.004062 
-0.005610 
-0.006409 
0.000769 
0.004770 
0.013541 
0.011163 
0.005588 
0.003124 
0.003363 
-0.001806 
-0.006733 
-0.008442 
0.000365 
0.006231 
0.009746 
0.008058 
-0.000677 
-0.003597 
-0.005086 
-0.007579 
-0.006036 
0.000673 
0.009058 
0.011917 
0.006012 
0.002554 
-0.000219 
-0.003372 
-0.010191 
-0.002213 
0.001589 
0.010370 
0.006711 
0.000253 
0.001419 
0.001631 
-0.003427 
-0.008386 
0.000503 
0.001291 
0.005357 
0.004905 
0.001720 
0.003174 
0.003595 
-0.003726 
-0.005972 
-0.004144 
-0.002797 
0.006894 
0.004955 
0.003298 
0.005485 
0.006040 
-0.000029 
-0.007701 
-0.002380 
0.001139 
0.006960 
0.003106 
0.003276 
0.006750 
0.008500 
0.003116 
-0.001724 
-0.001530 
-0.000774 
0.005132 
0.003503 
0.003256 
0.003202 
0.007306 
-0.000339 
-0.004877 
0.000773 
0.000044 
0.005701 
0.003149 
-0.000175 
-0.000122 
0.002488 
-0.001478 
-0.005751 
-0.002403 
0.000214 
0.005538 
0.000636 
0.001839 
0.006217 
0.008467 
0.003519 
-0.000759 
-0.000654 
0.002182 
0.003883 
-0.000037 
0.000744 
0.002868 
0.004789 
0.001204 
-0.002772 
0.005758 
0.004898 
0.006042 
0.005209 
0.000602 
0.001461 
0.000047 
-0.001717 
-0.001965 
0.001520 
0.001943 
-0.000280 
0.001324 
-0.001916 
-0.000150 
-0.001264 
-0.001212 
0.000581 
0.000069 
0.002226 
0.006987 
0.004335 
0.004081 
0.007107 
0.002716 
0.000560 
0.000290 
0.002487 
-0.000086 
-0.001429 
0.002247 
0.001800 
0.002197 
-0.001275 
-0.001438 
0.000647 
0.002084 
0.005125 
0.001987 
0.001804 
0.001890 
0.001618 
-0.001211 
-0.001481 
0.002455 
0.004750 
0.003951 
0.000585 
-0.003643 
-0.001130 
-0.001069 
0.000650 
-0.000332 
0.005428 
0.002740 
0.002715 
0.001092 
0.002820 
0.004564 
0.005826 
0.000623 
-0.000889 
0.002808 
0.003358 
0.001880 
-0.003975 
-0.000240 
0.003075 
0.004123 
0.002421 
-0.000141 
0.001266 
0.006308 
0.004872 
-0.003043 
-0.001160 
-0.002540 
0.001436 
0.007558 
0.007282 
0.005814 
0.001773 
0.001520 
-0.003902 
-0.001792 
-0.001526 
-0.001350 
0.004140 
0.001197 
-0.000624 
0.003193 
0.000585 
-0.002404 
0.001737 
0.002633 
0.003461 
0.006035 
0.008521 
0.004464 
-0.004090 
-0.001197 
-0.003172 
-0.000561 
-0.001887 
0.000069 
-0.000840 
0.000562 
-0.002283 
0.004045 
-0.000251 
-0.001958 
-0.001298 
0.002948 
0.000583 
0.000608 
-0.000461 
0.000179 
0.001317 
0.001798 
0.004787 
0.000714 
0.008931 
0.002474 
0.002773 
-0.002043 
0.000025 
-0.001793 
-0.000982 
-0.002914 
-0.001806 
0.003207 
-0.000820 
-0.001841 
-0.001979 
-0.002763 
-0.001536 
-0.001537 
0.000758 
0.002567 
0.009094 
0.001003 
0.000792 
-0.001397 
-0.001696 
-0.000325 
0.004771 
0.006047 
0.004495 
0.013334 
-0.001236 
-0.001842 
-0.008505 
-0.003580 
-0.001274 
0.000117 
0.000233 
0.005734 
0.013374 
-0.001296 
-0.003645 
-0.007198 
-0.007754 
-0.005465 
-0.005184 
0.000727 
0.006745 
0.014486 
0.000195 
-0.002584 
-0.007795 
-0.004777 
-0.006377 
-0.005318 
-0.002346 
0.006709 
0.008283 
0.000711 
-0.000917 
-0.007182 
-0.004482 
-0.002254 
-0.005797 
-0.003163 
0.006620 
0.010670 
-0.006839 
-0.003370 
-0.002327 
-0.003295 
-0.007241 
-0.007621 
-0.007012 
0.001249 
0.010019 
-0.005790 
-0.005160 
-0.006669 
-0.004502 
-0.008188 
-0.007476 
-0.007338 
0.001058 
0.008188 
-0.005147 
-0.002311 
-0.006863 
-0.008432 
-0.010587 
-0.007821 
-0.007616 
-0.004868 
0.008191 
-0.006996 
-0.005189 
-0.010335 
-0.010991 
-0.013974 
-0.000292 
0.025397 
0.019363 
0.008401 
-0.010608 
-0.014002 
-0.013042 
-0.012873 
-0.013560 
0.004324 
0.019084 
0.012632 
-0.004514 
-0.011134 
-0.012148 
-0.011252 
-0.009678 
-0.017640 
-0.009499 
0.011913 
0.023286 
0.018859 
-0.002742 
-0.011725 
-0.013461 
-0.015305 
-0.016946 
-0.010060 
0.006508 
0.014002 
0.003972 
-0.003687 
-0.011528 
-0.014733 
-0.012930 
-0.003851 
0.014569 
0.021126 
0.014670 
-0.000976 
-0.006021 
-0.002305 
-0.003273 
-0.003323 
-0.000220 
0.014452 
0.015261 
0.011281 
-0.004270 
-0.006236 
-0.004507 
-0.003148 
-0.002077 
-0.010369 
-0.001823 
0.013372 
0.013503 
0.002432 
0.000582 
-0.004543 
-0.008613 
-0.010848 
-0.004542 
0.000323 
0.005769 
0.004334 
0.000278 
-0.002922 
-0.008390 
-0.011030 
-0.006404 
0.008550 
0.009928 
0.009342 
0.009347 
-0.001742 
-0.002508 
-0.002220 
-0.000574 
0.005794 
0.010298 
0.008288 
0.008810 
0.002339 
-0.001834 
-0.001812 
-0.002144 
-0.001125 
0.005594 
0.001988 
0.001417 
0.003765 
0.002979 
0.003251 
-0.001084 
-0.004060 
-0.004373 
0.005087 
0.005636 
-0.001647 
-0.002796 
-0.001422 
0.002021 
-0.000109 
-0.001223 
-0.004246 
0.005241 
0.007516 
0.003988 
0.003728 
-0.000825 
-0.001380 
-0.000420 
-0.001518 
-0.000299 
0.004599 
0.006929 
0.002841 
0.001206 
0.004010 
0.007121 
0.005887 
0.001656 
0.003540 
0.007370 
0.006231 
-0.003199 
-0.006416 
-0.005646 
-0.001007 
-0.001017 
0.000187 
-0.005138 
0.003301 
0.005280 
0.002027 
-0.001264 
0.001707 
0.004433 
0.005523 
0.002485 
-0.000839 
0.004158 
-0.000311 
0.001386 
-0.002803 
0.003263 
0.007993 
0.004856 
-0.001533 
-0.001289 
0.000202 
0.000797 
0.001143 
-0.004960 
0.008765 
0.012022 
0.012242 
0.000938 
-0.001153 
-0.000479 
-0.000677 
-0.000443 
-0.004866 
0.000970 
0.006801 
0.006480 
-0.001648 
-0.004039 
0.000945 
-0.002458 
-0.003190 
-0.007929 
0.008531 
0.010806 
0.014389 
-0.001532 
-0.005531 
-0.003036 
-0.003823 
-0.006117 
-0.004642 
0.008601 
0.013413 
0.009118 
-0.001389 
-0.001974 
-0.003695 
-0.007273 
-0.006214 
-0.000484 
0.011220 
0.013013 
0.008623 
-0.001143 
-0.003283 
-0.006540 
-0.008265 
-0.007094 
-0.006676 
0.010410 
0.012568 
0.008721 
-0.006996 
-0.007244 
-0.009197 
-0.008178 
-0.005250 
-0.001905 
0.010998 
0.010302 
0.011748 
-0.003036 
-0.007226 
-0.007764 
-0.007397 
-0.005287 
-0.000615 
0.008291 
0.009477 
0.002837 
-0.002869 
-0.005071 
-0.006889 
-0.007835 
-0.004966 
0.004951 
0.014730 
0.009551 
0.008014 
0.001412 
-0.003972 
-0.009048 
-0.009323 
-0.010183 
-0.006533 
0.006258 
0.009847 
0.007268 
-0.002865 
-0.005710 
-0.006725 
-0.010927 
-0.007540 
-0.001269 
0.009750 
0.010883 
0.011826 
0.003432 
-0.003790 
-0.007989 
-0.006951 
-0.005471 
-0.001893 
0.004659 
0.005541 
0.007557 
0.005215 
-0.001139 
-0.005770 
-0.005321 
-0.001874 
0.000377 
0.000188 
0.003927 
0.006331 
0.008621 
0.004263 
-0.000667 
-0.008736 
-0.005886 
-0.004065 
0.003539 
0.007797 
0.007836 
0.005035 
-0.005062 
-0.007775 
-0.006143 
-0.004567 
-0.005969 
0.000451 
0.004530 
0.009080 
0.009639 
0.000939 
-0.005104 
-0.002996 
0.000124 
0.002125 
0.000174 
0.002078 
0.005559 
0.008396 
0.004076 
0.001566 
-0.004453 
-0.001369 
0.000388 
-0.000849 
0.000740 
0.002452 
0.005495 
0.001439 
-0.001403 
-0.004194 
-0.004303 
-0.006846 
-0.003157 
0.003730 
0.008271 
0.009280 
0.004547 
0.000941 
-0.006515 
-0.008242 
-0.010374 
-0.006771 
0.000839 
0.001451 
0.003870 
0.002898 
-0.000322 
0.000109 
0.001807 
0.002319 
0.002627 
0.006934 
0.009229 
0.004786 
0.003002 
0.001962 
0.001069 
-0.000842 
-0.002300 
-0.002387 
0.000849 
0.004551 
0.000766 
0.000361 
0.000333 
0.000307 
-0.004538 
-0.008642 
-0.004410 
-0.000674 
0.004421 
0.007249 
0.006188 
0.002061 
-0.000829 
-0.005518 
-0.008246 
-0.004152 
-0.001251 
-0.000229 
0.006293 
0.005213 
-0.000446 
0.002117 
0.000509 
0.000595 
0.001569 
0.002092 
0.006555 
0.003557 
0.000102 
0.002466 
0.001380 
0.001332 
-0.001477 
-0.000049 
-0.000852 
0.003891 
0.001666 
0.002406 
0.004079 
0.001931 
-0.001593 
-0.002934 
-0.001301 
-0.001101 
0.001018 
0.004793 
0.003780 
0.004401 
0.001133 
0.002293 
-0.000875 
-0.004221 
-0.004550 
0.000532 
0.003912 
0.005417 
0.006624 
0.000335 
0.000377 
-0.002365 
0.002841 
0.001734 
0.001005 
0.003921 
0.008673 
0.006145 
-0.000627 
-0.002387 
-0.006836 
-0.001737 
-0.002043 
-0.001323 
0.002447 
0.004610 
0.002281 
0.006200 
0.003031 
-0.004207 
-0.004320 
-0.003120 
-0.000337 
0.007921 
0.009941 
0.009112 
0.006502 
0.001705 
-0.004492 
-0.004221 
-0.003676 
-0.000902 
0.005958 
0.006993 
0.010717 
0.000463 
-0.002153 
-0.006380 
-0.002494 
0.001378 
-0.003291 
-0.000042 
0.000169 
-0.000325 
-0.001614 
-0.001310 
-0.000350 
0.003261 
0.005279 
-0.003148 
0.001110 
-0.001164 
-0.003075 
0.005554 
0.000629 
-0.002894 
0.000635 
0.002707 
-0.002572 
0.002991 
0.002610 
0.005080 
0.002726 
0.003000 
0.002652 
0.004973 
0.001500 
-0.005865 
-0.002733 
0.002732 
-0.001495 
-0.003981 
-0.001994 
0.001921 
0.006184 
0.010185 
-0.000528 
-0.001133 
-0.004495 
-0.002478 
-0.005798 
-0.001374 
-0.000432 
0.006418 
0.005845 
0.002052 
0.003264 
-0.002846 
-0.003036 
-0.002482 
0.000469 
0.002423 
0.006927 
0.004833 
-0.002139 
-0.003304 
-0.000074 
-0.005016 
-0.005011 
-0.003008 
-0.000468 
0.004591 
0.000711 
-0.000834 
0.001708 
-0.000541 
-0.003678 
-0.009412 
-0.004799 
-0.005749 
0.001081 
0.009306 
-0.002590 
0.000438 
-0.005791 
-0.007615 
-0.010195 
-0.005919 
-0.005634 
-0.005709 
0.013258 
-0.005898 
-0.002804 
-0.006982 
-0.011032 
-0.008643 
-0.005226 
-0.003565 
0.000338 
0.006645 
-0.003149 
-0.001827 
-0.003537 
-0.008222 
-0.009260 
-0.004659 
-0.007367 
-0.002272 
0.010784 
-0.007090 
-0.004280 
-0.006781 
-0.010787 
-0.013035 
-0.010179 
0.005713 
0.015988 
0.022494 
0.008711 
-0.004427 
-0.011845 
-0.012954 
-0.012535 
-0.011848 
-0.000690 
0.006277 
0.007735 
0.004335 
-0.006591 
-0.014742 
-0.014198 
-0.015176 
-0.010193 
-0.007290 
0.009596 
0.020542 
0.017657 
0.009060 
-0.010426 
-0.018334 
-0.011609 
-0.011869 
-0.009940 
-0.003740 
0.009357 
0.015879 
0.005941 
-0.012649 
-0.016122 
-0.006185 
-0.002489 
0.005383 
0.010831 
0.009717 
0.008645 
0.004676 
-0.008763 
-0.009215 
-0.001260 
-0.002690 
0.006171 
0.004107 
0.002232 
-0.000783 
-0.005241 
-0.011365 
-0.005714 
-0.004739 
-0.004844 
0.000896 
0.007428 
0.011752 
0.014646 
0.009312 
-0.002121 
-0.005990 
-0.004026 
-0.001809 
0.003051 
0.007821 
0.004205 
0.004461 
0.005001 
-0.006824 
-0.004124 
0.004335 
0.000110 
0.005327 
0.007865 
0.008238 
0.001273 
-0.002965 
-0.007105 
0.005199 
0.008529 
-0.002854 
-0.002008 
0.002035 
0.007074 
0.000481 
0.000822 
-0.004779 
0.004559 
0.001968 
-0.002600 
0.005149 
0.007656 
0.008087 
0.004682 
0.002321 
-0.003973 
0.004270 
0.004705 
-0.004394 
0.001287 
0.003698 
0.008448 
0.002676 
0.003438 
-0.006764 
0.002550 
0.006627 
-0.002115 
-0.002711 
-0.000666 
0.004420 
0.001749 
0.003635 
-0.002055 
0.004623 
0.004075 
0.001855 
0.001668 
0.002411 
0.006904 
0.008497 
0.006826 
0.001189 
0.006612 
0.005250 
0.001375 
-0.000275 
0.002717 
0.005410 
0.000714 
-0.001450 
-0.005369 
0.001535 
0.001910 
-0.000396 
0.000702 
0.002755 
0.003618 
0.007359 
0.003073 
0.001612 
0.005123 
-0.000501 
-0.002347 
-0.002860 
-0.001282 
0.009869 
0.004191 
0.000060 
-0.003191 
0.001403 
-0.001304 
-0.004924 
-0.005792 
0.009765 
0.015640 
0.015328 
-0.000837 
-0.004387 
-0.001016 
-0.003702 
-0.005493 
-0.004733 
0.000421 
0.007054 
0.001160 
-0.003812 
-0.005220 
-0.002312 
-0.003943 
-0.006878 
0.000681 
0.009415 
0.015412 
0.012651 
-0.003665 
-0.006663 
-0.004576 
-0.006153 
-0.008005 
-0.006689 
0.008668 
0.018689 
0.010863 
-0.003806 
-0.008115 
-0.007271 
-0.009211 
-0.005883 
-0.002142 
0.004351 
0.013036 
0.014056 
0.001195 
-0.008675 
-0.008203 
-0.007499 
-0.010775 
-0.003502 
0.005508 
0.016419 
0.014626 
-0.000634 
-0.007758 
-0.008384 
-0.010516 
-0.007915 
-0.004740 
0.001108 
0.011639 
0.013824 
0.003541 
-0.009748 
-0.012003 
-0.009508 
-0.007085 
-0.004115 
0.004416 
0.012219 
0.012538 
-0.001391 
-0.007700 
-0.008668 
-0.007277 
-0.002458 
-0.000454 
0.007148 
0.014805 
0.014410 
0.002380 
-0.006789 
-0.008610 
-0.008196 
-0.006275 
-0.004217 
0.000586 
0.007640 
0.010501 
-0.000681 
-0.011972 
-0.012743 
-0.005148 
-0.003680 
0.000417 
0.007052 
0.012853 
0.017786 
0.000413 
-0.011314 
-0.009229 
-0.006750 
-0.003682 
-0.003283 
0.001941 
0.006065 
0.010206 
0.002090 
-0.007499 
-0.008430 
-0.003069 
-0.002244 
-0.004021 
-0.001332 
0.004876 
0.008838 
0.005002 
-0.002502 
-0.004480 
-0.008104 
-0.004018 
-0.002055 
0.001725 
0.006120 
0.010210 
-0.000185 
-0.008375 
-0.008846 
-0.003624 
-0.001504 
-0.002965 
0.000372 
0.005987 
0.007843 
0.005051 
-0.001090 
-0.001359 
-0.001304 
-0.004096 
-0.009203 
-0.003918 
0.004850 
0.009337 
0.007742 
0.002083 
0.000015 
-0.002090 
-0.008232 
-0.013183 
-0.007403 
0.002122 
0.005784 
0.005660 
0.002927 
0.002296 
-0.001776 
-0.003629 
-0.006468 
-0.001176 
0.005191 
0.008923 
0.010601 
0.000599 
0.000358 
-0.005847 
-0.006473 
-0.009723 
-0.003725 
0.004603 
0.007600 
0.006742 
0.001696 
0.000325 
-0.000132 
-0.004935 
-0.007922 
-0.003388 
0.001427 
0.006096 
0.007391 
0.007716 
0.005056 
-0.002139 
-0.008122 
-0.008497 
-0.007701 
-0.001505 
0.003075 
0.010176 
0.008422 
0.002809 
-0.001957 
-0.003401 
-0.006258 
-0.003561 
0.000367 
0.009062 
0.008264 
0.007186 
0.005501 
0.000229 
-0.004028 
-0.007389 
-0.005264 
-0.001652 
0.006591 
0.008153 
0.007241 
0.004518 
0.002713 
-0.003358 
-0.004316 
-0.004153 
-0.003652 
-0.003801 
0.005773 
0.007520 
0.006330 
0.006546 
0.000983 
-0.006222 
-0.010441 
-0.008575 
-0.004310 
0.000785 
0.006771 
0.012536 
0.005764 
-0.004639 
-0.003486 
-0.002365 
-0.000795 
0.002667 
0.008862 
0.006453 
0.010593 
0.008670 
0.000328 
-0.003579 
-0.007104 
-0.006922 
-0.002400 
0.001703 
0.004404 
0.012218 
0.007934 
0.003184 
-0.007151 
-0.010416 
-0.008392 
-0.005044 
0.001706 
0.006980 
0.012486 
0.007088 
0.003141 
-0.008685 
-0.006713 
-0.008097 
-0.004934 
0.001945 
0.001990 
0.009229 
0.011524 
0.004732 
-0.007026 
-0.005218 
-0.004605 
-0.005396 
0.000703 
0.005607 
0.010131 
0.011321 
0.005425 
-0.007546 
-0.004200 
-0.006621 
-0.003386 
0.001988 
0.005386 
0.010229 
0.006575 
0.003565 
-0.005159 
-0.001549 
-0.000968 
-0.003350 
-0.000387 
0.002578 
0.004563 
0.000377 
0.003002 
-0.001087 
-0.001119 
-0.003851 
-0.009097 
-0.005369 
0.001134 
-0.003319 
0.009954 
0.007472 
-0.002016 
-0.000722 
-0.001480 
-0.000176 
0.001545 
0.004440 
0.010036 
0.004325 
0.006112 
-0.000342 
0.001826 
-0.002099 
-0.003518 
-0.000703 
0.005262 
0.004835 
-0.003567 
0.000297 
0.000405 
0.001224 
0.000937 
-0.004870 
-0.003263 
0.001733 
-0.003194 
-0.002657 
-0.001023 
0.000516 
0.003293 
-0.000122 
-0.002366 
-0.003208 
0.000770 
-0.000627 
0.000548 
0.000454 
-0.002242 
0.002717 
0.003032 
-0.000976 
0.001600 
0.007189 
0.002086 
-0.000459 
-0.001268 
-0.000667 
0.005075 
0.001101 
0.001737 
-0.000158 
0.003739 
-0.001232 
-0.003275 
-0.002252 
-0.001069 
0.000065 
0.007845 
-0.007318 
-0.007352 
-0.004974 
-0.004056 
-0.006345 
-0.002725 
-0.004457 
-0.001145 
0.012890 
-0.009496 
-0.006804 
-0.006060 
-0.008382 
-0.004267 
-0.002358 
-0.002446 
-0.000580 
0.008444 
-0.002216 
-0.005255 
-0.007767 
-0.006858 
-0.008271 
-0.006090 
-0.005345 
-0.000536 
0.014866 
-0.009528 
-0.009037 
-0.008554 
-0.010206 
-0.014423 
-0.009264 
-0.011895 
-0.005137 
0.014007 
0.024707 
0.014658 
-0.008908 
-0.017747 
-0.010599 
-0.010180 
-0.012842 
-0.008180 
0.005470 
0.019112 
0.011896 
-0.001704 
-0.010764 
-0.016185 
-0.015095 
-0.014932 
-0.012301 
0.004666 
0.015137 
0.022613 
-0.009221 
-0.021180 
-0.012305 
-0.013187 
-0.015091 
-0.012042 
-0.002901 
0.017340 
0.023286 
0.007320 
-0.014789 
-0.006373 
-0.004760 
-0.006658 
-0.001113 
0.004169 
0.012571 
0.012560 
-0.000329 
-0.007427 
-0.006609 
-0.002743 
-0.002989 
-0.001768 
-0.002217 
-0.000693 
0.007194 
-0.004307 
-0.010084 
-0.007221 
-0.005467 
-0.006611 
-0.006090 
-0.002203 
0.011430 
0.018115 
0.013473 
-0.006186 
-0.005039 
-0.004456 
-0.004460 
-0.006981 
-0.003808 
0.002822 
0.018232 
0.010624 
-0.006078 
-0.002011 
-0.002503 
-0.000940 
0.000348 
0.000920 
0.001899 
0.004953 
0.001515 
-0.002559 
-0.000951 
-0.004554 
-0.002597 
-0.001433 
0.003973 
-0.000591 
-0.002110 
-0.006172 
-0.001105 
0.003157 
-0.001354 
-0.001830 
-0.003083 
-0.001579 
0.004989 
0.012700 
0.011739 
0.006204 
0.005816 
-0.001498 
-0.002365 
-0.005477 
0.000879 
0.002412 
0.007152 
0.007918 
0.008876 
0.005158 
0.001903 
-0.000030 
-0.000620 
0.004134 
-0.001261 
-0.001170 
-0.003868 
-0.000173 
0.004899 
0.001923 
-0.001603 
0.001076 
0.002418 
0.000930 
-0.001461 
0.000354 
0.000245 
0.009302 
0.001117 
-0.000872 
-0.002318 
0.003954 
0.001045 
0.008064 
0.008178 
0.008478 
0.008430 
0.004766 
0.003849 
0.004999 
0.004990 
0.001067 
-0.001472 
0.005247 
0.005453 
0.000768 
-0.002038 
-0.004074 
0.000943 
0.003374 
-0.000450 
-0.003506 
-0.004285 
-0.000988 
-0.002185 
-0.004838 
0.000762 
0.010160 
0.015269 
0.007800 
0.000009 
-0.004462 
-0.002803 
0.002715 
0.003454 
0.001392 
0.002170 
0.003021 
-0.000258 
-0.005502 
-0.003319 
0.000856 
0.001157 
0.001604 
0.004135 
0.008510 
0.009504 
0.008449 
0.002921 
-0.001053 
-0.000952 
-0.005949 
-0.006986 
-0.004020 
0.004720 
0.015928 
0.013677 
0.001852 
-0.006007 
-0.009378 
-0.008153 
-0.007188 
-0.005172 
0.001583 
0.010211 
0.013830 
0.008248 
-0.005673 
-0.009618 
-0.004348 
-0.003160 
-0.002051 
0.003898 
0.007941 
0.011606 
0.005944 
-0.004288 
-0.009552 
-0.006305 
-0.004500 
-0.006281 
0.004044 
0.012949 
0.015262 
0.011313 
-0.000486 
-0.007772 
-0.005332 
-0.004949 
-0.004935 
-0.003159 
0.008723 
0.013075 
0.005821 
-0.008656 
-0.008647 
-0.007947 
-0.008333 
-0.001312 
0.001953 
0.015518 
0.015910 
0.008971 
-0.005778 
-0.008422 
-0.004592 
-0.003838 
-0.007655 
0.002718 
0.013596 
0.015296 
0.011384 
-0.002585 
-0.006515 
-0.007575 
-0.007924 
-0.005101 
0.002256 
0.012282 
0.013726 
0.011524 
0.002020 
-0.007099 
-0.011145 
-0.009843 
-0.004493 
-0.001777 
0.007803 
0.011014 
0.003370 
-0.005428 
-0.009332 
-0.006085 
-0.005608 
-0.006445 
-0.000944 
0.006267 
0.008935 
0.008078 
0.002070 
-0.002162 
-0.008565 
-0.010009 
-0.003690 
0.001199 
0.008166 
0.011568 
0.006212 
-0.003506 
-0.007951 
0.000386 
-0.005933 
-0.001900 
0.006836 
0.010946 
0.013337 
0.010031 
0.006415 
0.003346 
-0.002273 
-0.003696 
-0.005554 
-0.001294 
0.004703 
0.008889 
0.008085 
0.001010 
-0.000998 
-0.005453 
-0.004205 
-0.005225 
-0.000678 
0.003506 
0.004609 
0.001395 
-0.000688 
-0.001645 
0.002303 
-0.002550 
-0.001943 
0.001055 
0.006308 
0.008463 
0.010285 
0.007518 
0.003861 
-0.000159 
-0.001879 
-0.003109 
-0.002308 
0.002159 
0.003137 
0.003390 
0.002420 
0.002518 
-0.001227 
-0.001585 
-0.004369 
-0.002866 
-0.002247 
0.003673 
0.003715 
0.004229 
0.004606 
-0.000052 
-0.002092 
-0.006616 
-0.004235 
-0.004649 
0.002313 
0.001655 
0.002312 
0.005923 
0.002614 
0.001487 
-0.000897 
0.000262 
0.003568 
0.005111 
0.007294 
0.004862 
0.010226 
0.001285 
-0.000919 
0.000234 
0.000554 
0.004438 
0.002671 
0.005905 
0.005004 
0.008763 
0.004097 
-0.004057 
-0.003524 
-0.002794 
0.000574 
0.005105 
0.002931 
0.002103 
0.006861 
0.005640 
0.000545 
-0.004942 
-0.008552 
-0.005340 
-0.000018 
-0.001723 
0.000321 
0.007008 
0.000711 
-0.001489 
0.001160 
0.004333 
0.005760 
0.002804 
0.003581 
0.003090 
0.005627 
0.002454 
0.003065 
-0.001472 
-0.001020 
-0.000896 
-0.000351 
-0.001619 
0.001742 
0.002999 
0.007557 
0.004291 
-0.005710 
-0.005576 
-0.002866 
0.000185 
-0.001387 
0.002260 
0.006627 
0.008715 
0.004529 
-0.002628 
-0.002695 
-0.003725 
0.000400 
-0.001499 
-0.000052 
0.007976 
0.004788 
0.006467 
-0.001733 
-0.001950 
-0.001415 
0.001776 
-0.001649 
0.001172 
0.003945 
0.003603 
0.004055 
0.002168 
0.003336 
-0.000569 
0.001348 
-0.004405 
-0.000856 
0.004553 
0.007354 
0.003396 
-0.000353 
-0.001122 
-0.000719 
0.000817 
0.002831 
0.001235 
0.005315 
0.001496 
0.000795 
-0.004072 
0.000353 
-0.000948 
0.001831 
0.003612 
0.002879 
0.002907 
0.001551 
-0.001392 
0.001165 
0.002714 
0.003271 
0.004796 
0.001596 
-0.003123 
0.000412 
-0.002993 
-0.006567 
-0.006295 
0.003715 
-0.000411 
0.006473 
0.007838 
-0.002587 
-0.003136 
-0.001790 
-0.005443 
-0.005909 
0.005845 
0.002912 
0.002584 
0.003958 
0.004544 
-0.000252 
-0.005417 
-0.003306 
-0.004574 
0.003872 
0.003416 
0.004846 
0.002627 
-0.000203 
-0.004314 
-0.004379 
-0.007122 
-0.007773 
0.006259 
0.006058 
0.003900 
0.002414 
-0.002224 
-0.005449 
-0.004901 
-0.003991 
-0.008102 
0.002786 
0.007620 
0.004908 
0.000166 
-0.006725 
-0.004574 
-0.005481 
-0.002977 
-0.004077 
0.003430 
0.012673 
0.002466 
-0.002060 
-0.006174 
-0.006693 
-0.009412 
-0.006746 
-0.006469 
-0.001427 
0.016172 
-0.004731 
-0.004114 
-0.007154 
-0.010858 
-0.008751 
-0.006475 
-0.006161 
-0.001516 
0.015379 
0.003307 
0.000697 
-0.008727 
-0.008820 
-0.014063 
-0.010779 
-0.010299 
-0.005882 
0.016118 
-0.001626 
-0.001498 
-0.010047 
-0.016061 
-0.013940 
-0.012454 
-0.012419 
-0.012652 
-0.003946 
0.009875 
0.027539 
-0.007201 
-0.019967 
-0.010891 
-0.012225 
-0.012714 
-0.012265 
-0.011670 
0.013029 
0.039690 
0.025863 
-0.011645 
-0.015192 
-0.010636 
-0.010816 
-0.013517 
-0.013996 
-0.011139 
0.003809 
-0.018179 
-0.021941 
-0.013674 
-0.010328 
-0.010840 
-0.012578 
-0.015581 
-0.011387 
0.024012 
0.015538 
-0.015973 
-0.009289 
-0.009272 
-0.008942 
-0.009305 
-0.010688 
-0.001103 
0.025679 
0.017352 
-0.009338 
-0.008085 
-0.007356 
-0.007394 
-0.008812 
-0.010625 
-0.005773 
0.015594 
0.014008 
-0.006643 
-0.011731 
-0.010740 
-0.010406 
-0.010937 
-0.013243 
-0.009229 
0.019992 
0.019021 
-0.007504 
-0.009249 
-0.010992 
-0.012434 
-0.012868 
-0.014147 
-0.010772 
0.022225 
0.020589 
0.004027 
-0.001843 
-0.005202 
-0.006741 
-0.006871 
-0.008120 
-0.004253 
0.012832 
0.013803 
-0.001896 
-0.000069 
-0.005993 
-0.006747 
-0.008045 
-0.007914 
-0.001918 
0.007023 
0.007647 
0.001541 
-0.002814 
-0.005392 
-0.008367 
-0.010827 
-0.012367 
-0.005702 
0.016114 
0.017155 
0.012997 
-0.000642 
-0.007006 
-0.008328 
-0.011051 
-0.012945 
-0.002123 
0.013178 
0.014774 
0.014599 
0.002597 
-0.002562 
-0.002168 
-0.003348 
-0.003244 
0.002473 
0.008900 
0.007458 
0.003233 
0.001972 
-0.002341 
0.003070 
0.000523 
-0.005306 
-0.003573 
-0.001510 
0.001247 
-0.001457 
0.002795 
-0.002363 
-0.002765 
-0.005904 
-0.006344 
0.004704 
0.012038 
0.009981 
0.011629 
0.004293 
0.001679 
0.002488 
-0.002530 
-0.006265 
0.000810 
0.005606 
0.008033 
0.002696 
0.003255 
0.002954 
0.005317 
0.003948 
-0.000311 
-0.001196 
-0.005088 
-0.001383 
0.001085 
0.001932 
0.000992 
0.001935 
0.005499 
0.006736 
0.006109 
0.002039 
-0.000288 
0.002363 
-0.001045 
0.002790 
0.004617 
0.001466 
-0.002535 
0.002868 
0.003533 
0.002256 
-0.000350 
-0.005121 
-0.002205 
-0.001576 
0.001293 
0.004523 
0.006248 
0.006291 
0.004077 
-0.001868 
-0.002659 
0.000328 
-0.000848 
0.002566 
0.006958 
0.010298 
0.006255 
-0.000317 
-0.002833 
-0.002235 
-0.002294 
-0.004276 
0.001967 
0.011004 
0.015561 
0.007525 
0.005958 
-0.002326 
-0.003439 
-0.003119 
-0.004526 
-0.001595 
0.005137 
0.006921 
0.006188 
0.001422 
-0.004419 
0.001023 
0.000403 
-0.000687 
-0.000559 
0.002646 
0.008307 
0.005631 
0.003652 
-0.000606 
-0.002966 
-0.004403 
-0.005254 
0.003260 
0.009202 
0.011538 
0.008385 
0.001030 
-0.003079 
-0.002405 
-0.006527 
-0.003626 
0.004449 
0.010689 
0.012846 
0.009605 
0.002924 
-0.003312 
-0.000649 
-0.001510 
-0.002978 
-0.002759 
0.002056 
0.005817 
0.005463 
0.002470 
0.000515 
0.000999 
-0.001334 
-0.000875 
-0.000038 
0.004920 
0.010353 
0.009890 
0.002644 
0.002296 
0.000389 
-0.004485 
0.000910 
0.004526 
0.006397 
0.008731 
0.007096 
-0.001814 
0.000467 
0.008523 
0.002867 
0.001692 
0.011149 
0.010243 
0.009321 
0.008580 
0.004608 
0.011148 
0.000696 
-0.004868 
-0.003759 
-0.003075 
-0.003566 
0.003322 
0.006486 
-0.001029 
0.003213 
0.008078 
-0.001043 
-0.007470 
-0.004328 
0.000724 
-0.001248 
0.002992 
0.002191 
0.010464 
0.008107 
0.003743 
-0.000192 
0.003809 
0.009885 
0.005953 
0.007840 
0.008534 
0.008929 
0.006802 
0.002837 
-0.001651 
-0.001040 
0.002911 
0.004871 
0.003845 
0.006076 
0.008455 
0.005798 
0.000428 
-0.005338 
-0.002858 
0.002165 
-0.003812 
-0.001570 
0.002174 
0.005596 
0.002382 
0.001027 
-0.004196 
-0.003319 
-0.000092 
-0.003635 
-0.004305 
0.002404 
0.002195 
0.006190 
0.004348 
0.001492 
0.000206 
0.004152 
0.004876 
0.005504 
0.005340 
0.010577 
0.003604 
-0.000103 
0.001672 
0.001202 
0.004208 
0.003196 
0.005225 
0.004626 
0.006163 
0.002842 
0.001079 
-0.003723 
-0.003690 
0.000094 
-0.002400 
-0.000643 
0.005551 
0.003616 
0.000476 
0.003600 
-0.000076 
-0.001939 
-0.001999 
-0.004528 
-0.000735 
0.003253 
-0.000466 
0.000229 
-0.002467 
0.002215 
0.006592 
0.005700 
0.002528 
0.002597 
0.005992 
0.002722 
0.000404 
0.002914 
0.000283 
0.003486 
0.001911 
-0.003758 
-0.003741 
0.003307 
0.004889 
-0.000765 
0.001550 
-0.001502 
-0.001992 
-0.000156 
-0.000894 
0.001459 
0.003481 
0.002997 
0.001897 
0.002134 
-0.003024 
-0.003973 
-0.001251 
-0.003487 
0.000905 
0.002478 
0.006947 
0.000769 
0.004021 
0.003106 
0.002720 
0.001475 
0.001955 
-0.000203 
0.004310 
0.007323 
-0.002199 
-0.001037 
0.003882 
0.003521 
-0.000479 
0.000759 
-0.001028 
0.000623 
0.002743 
0.002378 
0.002793 
0.000569 
-0.001706 
-0.001886 
-0.001475 
0.000193 
0.002763 
0.007060 
-0.000983 
-0.004505 
-0.001393 
-0.001925 
-0.002665 
-0.001648 
0.001447 
0.002580 
0.002117 
-0.001246 
-0.001609 
0.001825 
0.003251 
0.003007 
0.002397 
-0.000869 
-0.004287 
-0.000123 
-0.000186 
-0.004196 
-0.002071 
0.002350 
0.000685 
0.005107 
0.002918 
-0.000586 
-0.001448 
0.000075 
-0.002212 
-0.000140 
-0.000887 
0.001485 
0.001629 
0.000276 
0.001110 
0.001965 
0.003897 
-0.000201 
-0.000259 
0.001512 
0.001959 
0.000278 
0.003346 
0.005050 
0.002950 
-0.000786 
-0.004888 
-0.004753 
0.004235 
0.007673 
0.007787 
0.002536 
-0.003452 
-0.003226 
-0.007107 
-0.006703 
-0.007029 
-0.002619 
0.010320 
0.009872 
-0.000447 
-0.008932 
-0.007405 
0.001148 
-0.001899 
-0.004847 
0.000011 
0.008341 
0.002794 
0.004853 
0.004430 
-0.000466 
-0.008802 
-0.005071 
-0.004543 
-0.003683 
0.009815 
0.007863 
0.003390 
-0.006258 
-0.009960 
-0.011445 
-0.009924 
-0.008000 
-0.003172 
0.016526 
0.007090 
-0.000253 
-0.010237 
-0.012295 
-0.015544 
-0.012587 
-0.009941 
-0.003604 
0.018730 
-0.000303 
-0.001779 
-0.009153 
-0.015907 
-0.013575 
-0.011027 
-0.006982 
-0.002296 
0.016091 
0.007775 
0.000238 
-0.009767 
-0.013124 
-0.014292 
-0.011538 
-0.004822 
0.001378 
0.020799 
0.003208 
-0.001795 
-0.009040 
-0.013499 
-0.014875 
-0.012898 
-0.011966 
-0.015388 
-0.015984 
-0.016049 
0.007516 
-0.015538 
-0.017775 
-0.011554 
-0.011351 
-0.011720 
-0.012065 
-0.015008 
-0.013639 
0.041565 
0.051083 
0.007189 
-0.013314 
-0.013725 
-0.012901 
-0.015428 
-0.019851 
-0.017372 
-0.021165 
-0.020105 
-0.017379 
-0.015093 
-0.014700 
-0.014824 
-0.014494 
-0.021355 
-0.019479 
-0.002254 
-0.002057 
-0.016727 
-0.011657 
-0.009848 
-0.008639 
-0.009430 
-0.011460 
-0.013852 
0.014901 
0.015963 
-0.005357 
-0.007293 
-0.011002 
-0.011643 
-0.012368 
-0.011961 
-0.003070 
0.029302 
0.029954 
0.020854 
-0.014777 
-0.012982 
-0.012048 
-0.012749 
-0.016316 
-0.015379 
-0.003800 
-0.003110 
-0.013049 
-0.009491 
-0.015206 
-0.013636 
-0.013089 
-0.014852 
-0.010491 
-0.000363 
0.004793 
0.001987 
-0.008648 
-0.011214 
-0.012122 
-0.011958 
-0.011340 
-0.009649 
0.005907 
0.022893 
0.011922 
-0.004302 
-0.009793 
-0.008708 
-0.010982 
-0.013771 
-0.008719 
0.002086 
0.016770 
0.017457 
-0.003922 
-0.013298 
-0.013013 
-0.012549 
-0.014179 
-0.009900 
-0.003861 
0.008308 
0.006221 
0.005672 
-0.011095 
-0.011310 
-0.011667 
-0.014672 
-0.011591 
-0.003649 
0.020768 
0.017889 
-0.003673 
-0.007640 
-0.007528 
-0.008721 
-0.012400 
-0.009295 
-0.001165 
0.012656 
0.013837 
-0.004148 
-0.008442 
-0.008961 
-0.010673 
-0.013554 
-0.012454 
-0.005110 
0.008080 
0.008253 
0.014187 
-0.008172 
-0.008971 
-0.008195 
-0.013320 
-0.010488 
-0.004677 
0.020660 
0.025055 
0.015665 
-0.010495 
-0.009956 
-0.010213 
-0.016079 
-0.013494 
-0.007102 
0.010550 
0.020986 
-0.004196 
-0.006298 
-0.005986 
-0.008331 
-0.008185 
-0.007222 
0.000601 
0.007660 
0.004892 
-0.005510 
-0.007386 
-0.008976 
-0.009174 
-0.004668 
-0.000917 
0.003454 
0.001806 
-0.001536 
0.019529 
-0.006510 
-0.008405 
-0.009268 
-0.013230 
-0.007549 
-0.000652 
0.012513 
0.021209 
0.018728 
-0.003154 
-0.007823 
-0.007874 
-0.010024 
-0.005015 
0.001489 
0.010724 
0.019782 
-0.000226 
-0.003251 
-0.006223 
-0.007172 
-0.001753 
0.000933 
0.003030 
-0.001095 
-0.003799 
0.001778 
0.002454 
-0.001104 
-0.005743 
-0.004104 
-0.001980 
-0.002364 
-0.005556 
-0.004995 
0.027559 
0.000674 
-0.005087 
-0.006561 
-0.007578 
-0.003852 
-0.002294 
0.005229 
0.019891 
0.024407 
0.004571 
-0.001421 
-0.006255 
-0.008967 
-0.003441 
-0.005923 
-0.000011 
0.018807 
0.001611 
0.003866 
-0.000689 
-0.003755 
-0.002860 
-0.002590 
-0.003125 
-0.001814 
-0.001029 
0.001086 
0.001969 
-0.001646 
-0.002290 
-0.000483 
0.000263 
0.003089 
-0.000036 
0.002475 
0.022696 
0.004950 
-0.000346 
-0.005773 
-0.010700 
-0.009320 
-0.007096 
-0.001072 
0.017524 
0.022106 
0.000579 
-0.005836 
-0.005112 
-0.008719 
-0.007634 
-0.004110 
0.001356 
0.019089 
0.001520 
-0.001449 
-0.003223 
-0.002159 
-0.003573 
-0.000282 
0.003531 
0.001043 
0.004206 
0.004741 
-0.001502 
-0.008147 
-0.006383 
-0.003182 
-0.001678 
0.001120 
0.005406 
0.009054 
0.023719 
-0.003666 
-0.009464 
-0.008145 
-0.009674 
-0.002691 
0.001766 
0.004086 
0.021840 
0.021021 
-0.000998 
-0.007576 
-0.011193 
-0.012286 
-0.002393 
0.004546 
0.010765 
0.023514 
0.002175 
-0.001549 
-0.007636 
-0.006355 
-0.000907 
-0.002684 
-0.002378 
0.004587 
0.004885 
-0.000192 
-0.004312 
-0.006331 
-0.003952 
-0.005283 
-0.005010 
-0.000664 
0.000962 
0.002632 
0.023654 
0.000760 
-0.004513 
-0.008500 
-0.007977 
-0.003896 
-0.001179 
0.008161 
0.026701 
0.019615 
0.000421 
-0.005948 
-0.007580 
-0.011542 
-0.010103 
-0.004877 
0.000592 
0.021639 
0.004083 
-0.002739 
-0.005100 
-0.005906 
-0.006461 
-0.007983 
-0.001572 
0.000129 
0.002936 
0.003588 
-0.000367 
-0.003613 
-0.007316 
-0.007927 
-0.008589 
-0.002380 
0.003784 
0.005765 
0.025542 
-0.003358 
-0.006641 
-0.008903 
-0.011750 
-0.011687 
-0.008359 
-0.002817 
0.028289 
0.024330 
-0.003870 
-0.007745 
-0.007838 
-0.012868 
-0.012341 
-0.012375 
-0.003711 
0.027807 
0.002938 
-0.003866 
-0.005213 
-0.006933 
-0.007407 
-0.006096 
-0.001189 
0.006583 
0.006546 
0.007980 
-0.002539 
-0.005018 
-0.009786 
-0.010192 
-0.007225 
-0.002552 
0.003289 
0.009490 
0.022008 
-0.004477 
-0.007997 
-0.007322 
-0.011509 
-0.011139 
-0.009862 
-0.002351 
0.023839 
0.020845 
-0.001095 
-0.008920 
-0.011295 
-0.012361 
-0.009487 
-0.007948 
-0.002296 
0.021218 
0.004497 
-0.002683 
-0.006178 
-0.008582 
-0.007607 
-0.004225 
-0.000096 
-0.000456 
0.008627 
-0.003019 
-0.005369 
-0.005368 
-0.004747 
-0.002047 
-0.000048 
0.000489 
-0.000267 
0.001892 
0.017187 
-0.001113 
-0.008374 
-0.009661 
-0.006412 
-0.004431 
-0.002322 
0.001661 
0.015969 
0.012113 
0.002882 
-0.002757 
-0.005601 
-0.003837 
-0.001569 
-0.000101 
0.001516 
0.012547 
-0.000900 
-0.004081 
-0.003632 
-0.003159 
-0.002195 
-0.000493 
0.000233 
0.002983 
0.004166 
0.000569 
-0.002673 
-0.002699 
-0.003691 
0.000044 
-0.000893 
0.003876 
0.003966 
0.002322 
0.011448 
-0.001007 
-0.005984 
-0.005670 
-0.005564 
-0.004413 
-0.001105 
0.007146 
0.012695 
0.010901 
-0.006809 
-0.008184 
-0.007367 
-0.005620 
-0.001880 
0.001956 
0.006693 
0.012988 
-0.002797 
-0.004729 
-0.005398 
-0.003553 
0.002039 
0.000615 
0.006270 
0.002411 
-0.002267 
-0.009637 
-0.009253 
-0.005946 
-0.003103 
0.004118 
0.004359 
0.001490 
-0.003135 
-0.007780 
0.008882 
-0.006515 
-0.006977 
-0.003726 
0.001403 
0.002129 
0.002885 
0.006375 
0.009566 
0.000756 
-0.005144 
-0.006799 
-0.002894 
0.001658 
0.007793 
0.005607 
0.005367 
0.004373 
-0.011669 
-0.009701 
-0.006699 
-0.002476 
0.013796 
0.007307 
-0.002135 
-0.007116 
-0.010829 
-0.008093 
-0.009872 
-0.005408 
-0.001673 
0.018682 
0.002956 
-0.005025 
-0.011828 
-0.011602 
-0.003096 
-0.003122 
-0.007232 
-0.005116 
0.009783 
0.006777 
0.001173 
-0.000392 
-0.002267 
-0.006520 
-0.006710 
-0.008672 
-0.004417 
0.016211 
-0.001267 
-0.002252 
-0.006519 
-0.005505 
-0.927992